{"model":{"version":3,"nodes":[{"name":"RootNode","position":[0,0,0],"rotation":[0,0,0],"scale":[0.01,0.01,0.01],"scaleCompensation":false},{"name":"Bip001","position":[-0.897175,12.8182,2.33805],"rotation":[-29.9046,-90.2459,-60.2947],"scale":[1,1,1],"scaleCompensation":false},{"name":"Bip001 Pelvis","position":[0,0,0],"rotation":[-89.9999,-89.9999,0],"scale":[1,1,1],"scaleCompensation":false},{"name":"Bip001 Spine","position":[3.94861,-0.00892091,5.66244e-06],"rotation":[-0.00327493,-3.80765,0.0457319],"scale":[1,1,1],"scaleCompensation":false},{"name":"Bip001 Spine1","position":[11.2041,-0.0103362,0],"rotation":[-0.00303601,-3.80757,9.03526e-05],"scale":[1,1,1],"scaleCompensation":false},{"name":"Bip001 Neck","position":[11.2317,-0.00149107,-4.76837e-07],"rotation":[1.66753e-09,-0,-1.33402e-08],"scale":[1,1,1],"scaleCompensation":false},{"name":"Bip001 L Clavicle","position":[-4.21686,-0.340995,7.8683],"rotation":[-88.769,-89.9998,-90.9235],"scale":[1,1,1],"scaleCompensation":false},{"name":"Bip001 L UpperArm","position":[6.65843,0,0],"rotation":[32.3869,53.5748,35.707],"scale":[1,1,1],"scaleCompensation":false},{"name":"Bip001 L Forearm","position":[9.50794,-4.76837e-07,0],"rotation":[3.41509e-06,-1.70755e-06,-46.4591],"scale":[1,1,1],"scaleCompensation":false},{"name":"Bip001 L Hand","position":[8.98828,0,-1.90735e-06],"rotation":[-89.9544,1.70755e-06,0],"scale":[1,1,1],"scaleCompensation":false},{"name":"Bip001 L Finger0","position":[1.83267,1.28448,-2.53023],"rotation":[6.85768,2.50819,19.7982],"scale":[1,1,1],"scaleCompensation":false},{"name":"Bip001 L Finger1","position":[3.45576,-0.211544,-0.0344291],"rotation":[-0.0456257,-0,0],"scale":[1,1,1],"scaleCompensation":false},{"name":"Bip001 R Clavicle","position":[-4.21686,-0.340951,-7.8683],"rotation":[-89.3844,89.9998,90.9234],"scale":[1,1,1],"scaleCompensation":false},{"name":"Bip001 R UpperArm","position":[6.65843,-2.38419e-07,-3.8147e-06],"rotation":[-11.6117,-60.5526,9.38316],"scale":[1,1,1],"scaleCompensation":false},{"name":"Bip001 R Forearm","position":[9.50793,3.57628e-07,0],"rotation":[4.26887e-07,-3.4151e-06,-11.4592],"scale":[1,1,1],"scaleCompensation":false},{"name":"Bip001 R Hand","position":[8.98828,1.19209e-07,0],"rotation":[89.9544,-1.70755e-06,6.4033e-07],"scale":[1,1,1],"scaleCompensation":false},{"name":"Bip001 R Finger0","position":[1.83267,1.28448,2.53023],"rotation":[-6.85767,-2.50819,19.7982],"scale":[1,1,1],"scaleCompensation":false},{"name":"Bip001 R Finger1","position":[3.45576,-0.211544,0.0344293],"rotation":[0.0456263,-4.26887e-07,1.70755e-06],"scale":[1,1,1],"scaleCompensation":false},{"name":"SMDImport","position":[15.5668,1.93554,1.33737],"rotation":[-0.689221,-21.9186,96.5678],"scale":[0.470773,0.470773,0.470773],"scaleCompensation":false},{"name":"Bip001 Head","position":[3.6216,0,7.15256e-07],"rotation":[-1.32997,7.49881,-10.1328],"scale":[1,1,1],"scaleCompensation":false},{"name":"Bip001 Ponytail1","position":[20.1715,-2.14585,31.5403],"rotation":[0.588911,-8.4065,178.411],"scale":[1,1,1],"scaleCompensation":false},{"name":"Bip001 Ponytail11","position":[17.1526,-0.0144463,0],"rotation":[0,-5.97641e-06,2.43507],"scale":[1,1,1],"scaleCompensation":false},{"name":"Bip001 Ponytail2","position":[20.1715,-2.14567,-31.5403],"rotation":[-0.589551,8.40649,178.411],"scale":[1,1,1],"scaleCompensation":false},{"name":"Bip001 Ponytail21","position":[17.1526,-0.0144491,3.8147e-06],"rotation":[-4.26887e-07,-6.83019e-06,2.43507],"scale":[1,1,1],"scaleCompensation":false},{"name":"Object031","position":[6.74273,1.86065,-0.0749202],"rotation":[-148.33,-89.7662,-21.457],"scale":[1.06044,1.08884,1.07806],"scaleCompensation":false},{"name":"Bip001 L Thigh","position":[-3.30268,0.011524,9.83667],"rotation":[179.127,-17.2267,179.037],"scale":[1,1,1],"scaleCompensation":false},{"name":"Bip001 L Calf","position":[6.94887,0,-9.53674e-07],"rotation":[-6.67011e-08,8.53774e-07,-2.20593],"scale":[1,1,1],"scaleCompensation":false},{"name":"Bip001 L Foot","position":[4.16898,2.38419e-07,0],"rotation":[-23.3339,-13.401,1.05693],"scale":[1,1,1],"scaleCompensation":false},{"name":"Bip001 L Toe0","position":[4.22732,4.33225,0],"rotation":[2.48128e-06,1.54825e-06,90],"scale":[1,1,1],"scaleCompensation":false},{"name":"Bip001 R Thigh","position":[-4.57709,0.0125921,-9.31225],"rotation":[-179.004,9.61252,179.066],"scale":[1,1,1],"scaleCompensation":false},{"name":"Bip001 R Calf","position":[6.94887,0,0],"rotation":[-5.33609e-08,8.53774e-07,-2.20593],"scale":[1,1,1],"scaleCompensation":false},{"name":"Bip001 R Foot","position":[4.16898,-2.38419e-07,0],"rotation":[23.3339,13.401,1.05693],"scale":[1,1,1],"scaleCompensation":false},{"name":"Bip001 R Toe0","position":[4.22732,4.33225,-9.53674e-07],"rotation":[-2.50796e-06,-1.23678e-06,90],"scale":[1,1,1],"scaleCompensation":false},{"name":"Object030","position":[0,51.156,2.46642],"rotation":[-90,0,0],"scale":[1,1,1],"scaleCompensation":false}],"parents":[-1,0,1,2,3,4,5,6,7,8,9,9,5,12,13,14,15,15,15,5,19,20,19,22,19,3,25,26,27,3,29,30,31,0],"skins":[{"inverseBindMatrices":[[0.00348138,-0.00212943,0.999992,0,0.999987,0.00372897,-0.00347343,0,-0.00372154,0.999991,0.00214238,0,-45.1041,-0.0563431,0.0524426,1],[0.00348,-0.00212526,0.999992,0,0.999987,0.00372761,-0.00347206,0,-0.0037202,0.999991,0.00213821,0,-15.098,-0.0562803,0.052422,1],[0.00347969,-0.00213227,0.999992,0,0.99999,0.00293131,-0.00347343,0,-0.00292388,0.999993,0.00214245,0,-19.0467,-0.0321926,0.0524427,1],[-0.235498,-0.0179377,-0.971709,0,-0.971701,0.0232879,0.235066,0,0.0184125,0.999568,-0.0229143,0,12.444,-0.503983,-12.8815,1],[-0.416789,0.00348145,-0.908997,0,0.00483271,0.999987,0.00161407,0,0.908991,-0.00372019,-0.4168,0,-9.46379,-0.0576409,-11.0961,1],[-0.00348138,-0.416785,-0.908998,0,-0.999987,0.00483269,0.00161402,0,0.00372021,0.908992,-0.416796,0,4.28497,-5.1315,-11.0961,1],[-0.999992,0.00212674,-0.00348134,0,0.00347339,-0.00372761,-0.999987,0,-0.00213969,-0.999991,0.0037202,0,-7.92074,-0.290932,37.2659,1],[0.00347969,-0.00213227,0.999992,0,0.99999,0.00293131,-0.00347343,0,-0.00292388,0.999993,0.00214245,0,-30.2508,-0.0218567,0.0524427,1],[-0.404182,0.874599,0.267794,0,-0.886191,-0.446934,0.122131,0,0.226502,-0.187953,0.955704,0,8.08597,34.9616,3.42264,1],[-0.726992,0.684302,0.056687,0,-0.68653,-0.725907,-0.0416617,0,0.0126403,-0.069205,0.997522,0,-3.3459,36.942,3.59737,1],[-0.726992,-0.0561421,0.684347,0,-0.68653,0.0410836,-0.72594,0,0.0126403,-0.997577,-0.0684107,0,5.64238,-3.56796,36.9448,1],[-0.726992,0.684347,0.056142,0,-0.68653,-0.72594,-0.0410836,0,0.0126403,-0.0684106,0.997577,0,-6.80166,37.1563,3.53336,1],[-0.234633,-0.0269891,-0.971709,0,-0.971877,-0.0141314,0.235066,0,-0.0200758,0.999536,-0.0229144,0,5.51046,-0.292095,-12.8815,1],[-0.729152,0.00246368,0.684347,0,-0.681008,0.0961232,-0.72594,0,-0.0675701,-0.995366,-0.0684107,0,14.8453,-4.00986,36.9448,1],[0.00347969,-0.00213227,0.999992,0,0.99999,0.00293131,-0.00347343,0,-0.00292388,0.999993,0.00214245,0,-41.4825,-0.0203653,0.0524427,1],[0.228661,0.0138214,-0.973408,0,-0.973313,0.0231776,-0.228309,0,0.0194057,0.999636,0.0187524,0,12.4683,-0.502317,12.7795,1],[0.412919,0.00348132,-0.910761,0,0.00195074,0.999987,0.0047068,0,0.910766,-0.00372019,0.412907,0,-9.42028,-0.0576406,11.0007,1],[-0.00348138,0.412916,-0.910762,0,-0.999987,0.00195075,0.00470686,0,0.00372021,0.910767,0.412904,0,4.28497,-5.088,11.0007,1],[0.999992,0.00212674,0.00348143,0,-0.00347348,-0.00372761,0.999987,0,0.00213969,-0.999991,-0.00372019,0,-7.81586,-0.290932,-37.2659,1],[0.397043,-0.87687,0.271026,0,-0.888974,-0.440851,-0.124002,0,0.228216,-0.191701,-0.954551,0,8.12798,34.8698,-3.39439,1],[0.722144,-0.689026,0.0612432,0,-0.691563,-0.721137,0.0412521,0,0.015741,-0.0721435,-0.99727,0,-3.2699,36.8699,-3.59119,1],[0.722144,0.0606946,0.689075,0,-0.691563,0.0406778,0.72117,0,0.015741,-0.997327,0.0713494,0,5.71838,-3.56183,-36.8728,1],[0.722144,-0.689075,0.0606945,0,-0.691563,-0.72117,0.0406778,0,0.015741,-0.0713493,-0.997327,0,-6.72566,37.0843,-3.52723,1],[0.227959,0.0226126,-0.973408,0,-0.973484,-0.0143037,-0.228309,0,-0.019086,0.999642,0.0187524,0,5.53472,-0.289493,12.7795,1],[0.724686,0.00246365,0.689074,0,-0.686057,0.0961232,0.72117,0,-0.0644594,-0.995366,0.0713494,0,14.9216,-4.00986,-36.8728,1],[0.143083,0.00613148,0.989692,0,-0.989649,0.0120734,0.143002,0,-0.0110721,-0.999908,0.0077955,0,42.7831,-2.5027,-40.6923,1],[0.142693,0.0122051,0.989692,0,-0.989268,-0.0299849,0.143002,0,0.0314212,-0.999476,0.00779545,0,60.0034,-0.697152,-40.6923,1],[-0.149906,-0.00177394,0.988699,0,-0.988631,0.0121016,-0.149874,0,-0.011699,-0.999925,-0.00356787,0,42.7677,-2.50334,40.796,1],[-0.149695,-0.00814141,0.988699,0,-0.988253,-0.0299135,-0.149874,0,0.0307956,-0.999519,-0.00356788,0,59.988,-0.698447,40.796,1]],"boneNames":["Bip001 Head","Bip001 Pelvis","Bip001 Spine","Bip001 R Thigh","Bip001 R Toe0","Bip001 R Foot","Bip001 R Clavicle","Bip001 Spine1","Bip001 R Finger0","Bip001 R Hand","Bip001 R Forearm","Bip001 R Finger1","Bip001 R Calf","Bip001 R UpperArm","Bip001 Neck","Bip001 L Thigh","Bip001 L Toe0","Bip001 L Foot","Bip001 L Clavicle","Bip001 L Finger0","Bip001 L Hand","Bip001 L Forearm","Bip001 L Finger1","Bip001 L Calf","Bip001 L UpperArm","Bip001 Ponytail11","Bip001 Ponytail1","Bip001 Ponytail21","Bip001 Ponytail2"]}],"morphs":[],"vertices":[{"position":{"type":"float32","components":3,"data":[-1.3923,-60.1884,10.1024,-1.3923,-60.9723,8.71845,-1.6429,-60.1884,9.85225,-3.1737,30.6532,14.8866,-3.77061,30.4821,15.076,-1.48029,30.6532,14.8866,-3.96852,30.6532,14.8866,-3.1737,32.096,13.2946,-4.75684,31.1005,14.3935,-4.75684,31.5632,13.8826,-4.75684,32.6049,12.7334,-1.48029,32.096,13.2946,0.102795,32.6049,12.7334,-0.0281715,30.8977,14.617,0.102795,31.5632,13.8826,0.102795,31.1005,14.3935,-4.62542,30.8977,14.617,-4.75684,32.6941,12.3502,0.102795,32.6941,12.3502,-0.685524,30.6532,14.8866,-0.883385,30.4821,15.076,-3.53865,30.0117,15.5946,-1.49573,29.5425,16.1125,-2.74912,29.2814,16.4004,-1.90487,29.2818,16.4004,-2.32824,29.1743,16.5188,-1.11535,30.0117,15.5946,-3.15831,29.5425,16.1125,0.151867,30.6897,14.7386,-0.0281715,30.8977,14.617,-0.508282,30.4448,15.0091,-0.685524,30.6532,14.8866,-0.883385,30.4821,15.076,0.296238,30.1849,14.8355,0.517624,30.4861,14.4572,0.344093,30.9419,14.4305,0.102795,31.1005,14.3935,0.102795,32.6941,12.3502,0.102795,32.6049,12.7334,0.351761,32.6208,12.3502,0.351761,32.4654,12.7334,0.102795,31.5632,13.8826,0.351761,31.4241,13.8826,0.517624,30.9955,13.8826,0.518032,11.2371,14.4572,0.296238,11.1422,14.8355,-0.36314,29.9403,15.106,-0.702946,30.2607,15.2094,-1.11535,30.0117,15.5946,0.517624,32.3843,12.3502,0.517624,32.0372,12.7334,0.518032,31.9468,12.5558,0.518032,31.506,12.8611,0.518032,20.4478,12.8611,0.518032,19.4271,13.8826,0.518032,11.2371,13.8826,0.518032,32.0044,12.3502,-3.9539,29.3487,15.7273,-3.9539,-4.12847,15.7273,-3.54069,28.8548,16.2901,-3.54069,-4.12847,16.2901,-3.01638,28.5503,16.6591,-2.89593,29.0636,16.5423,-2.32824,28.9258,16.7013,-2.32824,29.1743,16.5188,-1.75806,29.0641,16.5423,-1.90487,29.2818,16.4004,-1.28242,29.3499,16.2119,-1.49573,29.5425,16.1125,-0.880951,29.8329,15.6697,-0.557762,29.7428,15.316,-0.361519,8.55868,15.1048,0.296238,8.72774,14.8351,-3.01638,-4.12847,16.6591,-2.32865,28.3885,16.8525,-1.63766,28.5503,16.6591,-1.11331,28.8548,16.2901,-0.700104,29.3487,15.7273,-0.557354,8.38103,15.3141,-2.32702,-4.12847,16.8534,-1.63766,-4.12847,16.6591,-1.11331,6.54533,16.2897,-0.700104,7.8997,15.7269,-1.11331,-4.12847,16.2901,0.679424,10.8392,14.4572,0.679424,8.86765,14.4572,0.679424,8.86724,13.8826,0.679424,10.8388,13.8826,-5.17167,32.0044,12.3502,-5.17167,31.9468,12.5558,-5.17167,32.3843,12.3502,-5.17167,31.506,12.8611,-4.75684,32.6941,12.3502,-5.00581,32.6208,12.3502,-4.75684,32.6049,12.7334,-5.00581,32.4654,12.7334,-5.17167,32.0372,12.7334,-5.17167,30.9955,13.8826,-5.17167,3.69255,12.8611,-5.17167,3.47965,13.8826,-5.17167,30.4861,14.4572,-5.17167,-4.12847,14.4572,-4.95023,30.1849,14.8355,-4.95023,-4.12847,14.8355,-4.2909,29.9403,15.106,-4.29415,-4.12847,15.1048,-4.09623,29.7428,15.316,-4.09705,-4.12847,15.3133,-5.17167,3.47965,13.0736,-3.37162,29.3499,16.2119,-3.77304,29.8329,15.6697,-3.95105,30.2607,15.2094,-4.14572,30.4448,15.0091,-4.80627,30.6897,14.7386,-4.99809,30.9419,14.4305,-5.00581,31.4241,13.8826,-4.75684,31.5632,13.8826,-4.75684,31.1005,14.3935,-4.62542,30.8977,14.617,-3.96852,30.6532,14.8866,-3.77061,30.4821,15.076,-3.53865,30.0117,15.5946,-3.15831,29.5425,16.1125,-2.74912,29.2814,16.4004,-5.08932,31.506,12.8611,-5.08932,32.0044,12.3502,-5.08932,3.69255,12.8611,-5.08932,31.9468,12.5558,-5.08932,3.47965,13.5562,-5.08932,2.81341,13.1166,-5.08932,-3.96342,13.1166,-5.08932,3.47965,13.0736,-5.08932,3.08026,12.8611,-5.08932,3.08026,12.5152,-5.08932,3.24531,12.3502,-5.08932,-4.12847,13.2816,-5.08932,-4.12847,13.5562,-5.17167,-4.12847,13.8826,2.04559,8.72251,7.56072,0.528595,8.30158,7.51408,1.6275,8.30199,7.51408,2.04559,12.1543,7.94228,1.6275,12.5789,7.98932,0.830299,11.2817,7.85307,0.528595,10.9666,7.8324,0.830299,12.5789,7.98972,-3.26169,-60.1884,10.1024,-3.0111,-60.1884,9.85225,-3.26169,-60.9723,8.71845,-2.04721,1.80086,9.24113,-1.96527,1.80086,9.04408,-1.76823,1.24897,9.24113,-1.76823,1.80086,8.96214,-1.57112,1.80086,9.04408,-1.48964,1.80086,9.24113,-1.57112,1.80086,9.43824,-1.96527,1.80086,9.43824,-1.76823,1.80086,9.51972,-1.4365,2.72095,9.57286,-1.29903,2.72095,9.24113,-1.4365,2.72095,8.90905,-1.76823,2.72095,8.77199,-2.0999,2.72095,8.90905,-2.23736,2.72095,9.24113,-2.0999,2.72095,9.57286,-1.76823,2.72095,9.71032,-3.39753,1.80086,8.66816,-3.31605,1.80086,8.4711,-3.11895,1.24897,8.66816,-3.11895,1.80086,8.38957,-2.92189,1.80086,8.4711,-2.84036,1.80086,8.66816,-2.92189,1.80086,8.86526,-3.31605,1.80086,8.86526,-3.11895,1.80086,8.94715,-2.78727,2.72095,8.99988,-2.64981,2.72095,8.66816,-2.78727,2.72095,8.33643,-3.11895,2.72095,8.19897,-3.45067,2.72095,8.33643,-3.58813,2.72095,8.66816,-3.45067,2.72095,8.99988,-3.11895,2.72095,9.13735,-3.11895,9.99256,9.45403,-2.5634,9.99256,9.22371,-3.67449,9.99256,9.22371,-2.5634,9.99256,8.11261,-3.67449,9.99256,8.11261,-3.11895,9.99256,7.88269,-2.33347,9.99256,8.66816,-3.90441,9.99256,8.66816,-1.65834,11.5363,7.58871,-1.65834,10.7155,8.15315,-1.65834,10.8904,7.22899,-1.65834,11.4666,8.10489,-1.65834,11.1243,6.15198,-1.65834,9.53755,0.567692,-1.65834,11.0886,5.35635,-1.65834,10.2278,5.47965,-1.65834,10.4147,9.14908,-4.08084,8.12521,-4.18444,-4.08084,6.65521,-8.8932,-4.08084,9.20669,0.628144,-3.90319,6.9723,-9.00633,-3.90319,5.11429,-13.6052,-4.08084,4.80771,-13.4665,-3.90319,2.48173,-18.8115,-4.08084,2.19298,-18.6364,-4.08084,5.49179,9.14908,-4.08084,10.0781,9.14908,-4.08084,9.8932,5.51287,-3.90319,10.2278,5.47965,-3.90319,9.53755,0.567692,-3.90319,8.44997,-4.27162,-3.90319,10.4147,9.14908,-4.08084,3.53522,9.14908,-4.08084,3.38033,6.15889,-4.08084,2.7684,1.80208,-4.08084,1.8033,-2.49062,-4.08084,0.49271,-6.69046,-4.08084,-1.1557,-10.7699,-4.08084,-3.40182,-15.2435,-3.90319,9.53755,0.567692,-2.9957,9.53755,0.567692,-3.90319,8.44997,-4.27162,-3.90319,10.2278,5.47965,-2.9957,10.2278,5.47965,-2.9957,10.4147,9.14908,-3.17574,10.4147,9.14908,-3.90319,10.4147,9.14908,-3.56014,2.84262,-19.024,-3.56014,5.11429,-13.6052,-1.09385,2.84262,-19.024,-1.09385,5.11429,-13.6052,-3.90319,6.9723,-9.00633,-0.750801,6.9723,-9.00633,-0.750801,8.44997,-4.27162,-1.65834,9.53755,0.567692,-2.9957,11.0886,5.35635,-1.65834,11.0886,5.35635,-2.9957,11.1243,6.15198,-1.65834,11.1243,6.15198,-0.750801,5.11429,-13.6052,-0.750801,2.48173,-18.8115,-1.09385,2.48173,-18.8115,-3.90319,5.11429,-13.6052,-3.56014,2.48173,-18.8115,-3.90319,2.48173,-18.8115,-1.47785,10.4147,9.14908,-1.65834,10.2278,5.47965,-1.65834,10.4147,9.14908,-0.750801,10.4147,9.14908,-0.750801,10.2278,5.47965,-0.750801,9.53755,0.567692,-0.573154,-1.1557,-10.7699,-0.573154,2.19298,-18.6364,-0.573154,0.49271,-6.69046,-0.573154,-3.40182,-15.2435,-0.573154,3.53522,9.14908,-0.573154,3.38074,6.15889,-0.573154,5.49179,9.14908,-0.573154,2.7684,1.80208,-0.573154,1.8033,-2.49062,-0.573154,8.12521,-4.18444,-0.573154,6.65521,-8.8932,-0.573154,4.80771,-13.4665,-0.750801,6.9723,-9.00633,-0.750801,5.11429,-13.6052,-0.750801,2.48173,-18.8115,-0.573154,9.20669,0.628144,-0.573154,9.8932,5.51287,-0.573154,10.0781,9.14908,-0.750801,10.4147,9.14908,-0.750801,10.2278,5.47965,-0.750801,9.53755,0.567692,-0.750801,8.44997,-4.27162,-2.78727,3.97195,8.99988,-2.78727,2.72095,8.99988,-2.64981,3.97195,8.66816,-2.64981,2.72095,8.66816,-2.78727,3.97195,8.33643,-2.78727,2.72095,8.33643,-3.11895,3.97195,8.19897,-3.11895,2.72095,8.19897,-3.45067,3.97195,8.33643,-3.45067,2.72095,8.33643,-3.58813,3.97195,8.66816,-3.58813,2.72095,8.66816,-3.45067,3.97195,8.99988,-3.45067,2.72095,8.99988,-3.11895,3.97195,9.13735,-3.11895,2.72095,9.13735,-3.56014,1.146,9.14908,-3.56014,2.99471,9.14908,-3.56014,1.00244,6.39486,-3.56014,2.23637,1.89901,-3.56014,0.417269,2.23073,-3.56014,-0.504852,-1.87223,-3.56014,-3.8641,-14.9633,-3.56014,-1.75748,-5.88635,-3.56014,-3.33289,-9.78535,-3.56014,-5.84053,-13.7614,-3.56014,2.84262,6.21239,-3.56014,1.28143,-2.35072,-3.56014,-0.0162048,-6.50839,-3.56014,-1.648,-10.5473,-1.09385,-5.84053,-13.7614,-1.09385,-3.8641,-14.9633,-1.09385,-3.33289,-9.78535,-1.09385,-0.0162048,-6.50839,-1.09385,-1.75748,-5.88635,-1.09385,2.99471,9.14908,-1.09385,-0.504852,-1.87223,-1.09385,0.417269,2.23073,-1.09385,1.00244,6.39486,-1.09385,1.146,9.14908,-1.09385,-1.648,-10.5473,-1.09385,1.28143,-2.35072,-1.09385,2.23637,1.89901,-1.09385,2.84262,6.21239,-2.32702,-3.80202,-15.8067,-1.63726,-4.04617,-15.6575,-3.01678,-4.04617,-15.6575,-1.63726,-5.22336,-14.939,-3.01678,-5.22336,-14.939,-2.32702,-5.46745,-14.7901,-1.35176,-4.63453,-15.2982,-3.30223,-4.63453,-15.2982,-2.32702,1.75178,-19.1883,-1.63726,1.5081,-19.0394,-3.01678,1.5081,-19.0394,-1.63726,0.330503,-18.3209,-3.01678,0.330503,-18.3209,-2.32702,0.0867653,-18.1721,-1.35176,0.919277,-18.6802,-3.30223,0.919277,-18.6802,-2.9957,10.8904,7.22899,-2.9957,10.7155,8.15315,-2.9957,11.5363,7.58871,-2.9957,11.0886,5.35635,-2.9957,10.2278,5.47965,-2.9957,9.53755,0.567692,-2.9957,11.4666,8.10489,-2.9957,10.4147,9.14908,-2.9957,11.1243,6.15198,-1.76823,4.94477,8.54893,-1.27917,4.94477,8.75167,-1.76823,3.97195,8.77199,-1.4365,3.97195,8.90905,-1.07643,4.94477,9.24113,-1.29903,3.97195,9.24113,-1.27917,4.94477,9.73018,-1.4365,3.97195,9.57286,-1.76823,4.94477,9.93293,-1.76823,3.97195,9.71032,-2.25728,4.94477,9.73018,-2.0999,3.97195,9.57286,-2.46002,4.94477,9.24113,-2.23736,3.97195,9.24113,-2.25728,4.94477,8.75167,-2.0999,3.97195,8.90905,-1.4365,3.97195,9.57286,-1.4365,2.72095,9.57286,-1.29903,3.97195,9.24113,-1.29903,2.72095,9.24113,-1.4365,3.97195,8.90905,-1.4365,2.72095,8.90905,-1.76823,3.97195,8.77199,-1.76823,2.72095,8.77199,-2.0999,3.97195,8.90905,-2.0999,2.72095,8.90905,-2.23736,3.97195,9.24113,-2.23736,2.72095,9.24113,-2.0999,3.97195,9.57286,-2.0999,2.72095,9.57286,-1.76823,3.97195,9.71032,-1.76823,2.72095,9.71032,0.202152,-4.08834,13.6052,0.202152,2.61066,13.6052,-0.151871,-4.08834,14.0545,-0.151871,3.46994,14.0545,-0.794994,9.15233,14.4589,-0.151871,9.40089,14.0545,-0.794994,-4.08834,14.4589,-1.76823,9.99256,10.0266,-1.21267,9.99256,9.79627,-2.32377,9.99256,9.79627,-2.55369,9.99256,9.24113,-2.32377,9.99256,8.68558,-1.21267,9.99256,8.68558,-0.982754,9.99256,9.24113,-1.76823,9.99256,8.45526,-0.982754,9.99256,9.24113,-1.21267,9.99256,9.79627,-1.07643,4.94477,9.24113,-1.27917,4.94477,9.73018,-1.76823,9.99256,10.0266,-1.76823,4.94477,9.93293,-2.32377,9.99256,9.79627,-2.25728,4.94477,9.73018,-2.55369,9.99256,9.24113,-2.46002,4.94477,9.24113,-2.32377,9.99256,8.68558,-2.25728,4.94477,8.75167,-1.76823,9.99256,8.45526,-1.76823,4.94477,8.54893,-1.21267,9.99256,8.68558,-1.27917,4.94477,8.75167,-2.33347,9.99256,8.66816,-2.5634,9.99256,9.22371,-2.42715,4.94477,8.66816,-2.62994,4.94477,9.15762,-3.11895,9.99256,9.45403,-3.11895,4.94477,9.36036,-3.67449,9.99256,9.22371,-3.608,4.94477,9.15762,-3.90441,9.99256,8.66816,-3.81074,4.94477,8.66816,-3.67449,9.99256,8.11261,-3.608,4.94477,8.17911,-3.11895,9.99256,7.88269,-3.11895,4.94477,7.97636,-2.5634,9.99256,8.11261,-2.62994,4.94477,8.17911,-2.42715,4.94477,8.66816,-2.62994,4.94477,9.15762,-2.64981,3.97195,8.66816,-2.78727,3.97195,8.99988,-3.11895,4.94477,9.36036,-3.11895,3.97195,9.13735,-3.608,4.94477,9.15762,-3.45067,3.97195,8.99988,-3.81074,4.94477,8.66816,-3.58813,3.97195,8.66816,-3.608,4.94477,8.17911,-3.45067,3.97195,8.33643,-3.11895,4.94477,7.97636,-3.11895,3.97195,8.19897,-2.62994,4.94477,8.17911,-2.78727,3.97195,8.33643,-0.744709,2.78303,0.853594,-0.744709,9.14461,0.199493,-1.26581,2.24531,0.908763,-3.68669,9.37494,0.175973,-0.967312,9.37494,0.175973,-1.26581,0.406349,1.09815,-3.38824,0.406349,1.09815,-3.38824,2.24531,0.908763,-3.90929,2.78303,0.853594,-3.90929,9.14461,0.199493,-0.573154,-3.40182,-15.2435,-0.573154,-1.1557,-10.7699,-1.09385,-3.8641,-14.9633,-1.09385,-1.648,-10.5473,-0.573154,0.49271,-6.69046,-1.09385,-0.0162048,-6.50839,-0.573154,1.8033,-2.49062,-1.09385,1.28143,-2.35072,-0.573154,2.7684,1.80208,-1.09385,2.23637,1.89901,-0.573154,3.38074,6.15889,-1.09385,2.84262,6.21239,-0.573154,3.53522,9.14908,-1.09385,2.99471,9.14908,-3.56014,2.90225,7.28132,-4.08084,3.42778,7.07532,-3.56014,1.83576,7.20872,-1.5322,9.40089,9.94187,-3.12179,9.40089,10.3766,-1.5322,9.40089,10.3766,-3.12179,9.40089,9.94187,-0.151871,9.40089,10.3766,-0.151871,9.40089,14.0545,-1.5322,9.40089,12.5302,-3.12179,9.40089,12.5302,-4.50218,9.40089,14.0545,-3.12179,9.40089,13.9653,-1.5322,9.40089,13.9653,-4.50218,9.40089,10.3766,-4.50218,-4.08834,12.6503,-4.50218,3.46994,12.4276,-4.50218,-3.86573,12.4276,-4.50218,9.40089,14.0545,-4.50218,9.40089,10.3766,-4.50218,3.46994,10.3766,-4.50218,-4.08834,14.0545,-3.12179,3.46994,12.5302,-1.5322,3.46994,13.9653,-1.5322,3.46994,12.5302,-3.12179,3.46994,13.9653,-2.32702,3.46994,16.0979,-3.57315,3.46994,15.0959,-3.03055,3.46994,15.8619,-3.66072,3.46994,14.3648,-1.62344,3.46994,15.8619,-1.08049,3.46994,15.0959,-0.993267,3.46994,14.3648,-3.56014,1.83576,7.20872,-4.08084,3.42778,7.07532,-3.56014,2.87548,6.95772,4.77222,-2.76149,12.4276,2.2593,-3.05958,12.4276,2.2593,-2.76149,12.4276,4.77222,-3.05958,12.4276,0.901676,-3.86573,12.4276,0.202152,-3.86573,12.4276,-4.50218,-3.86573,12.4276,0.901676,-2.76149,12.4276,0.202152,-2.76149,12.4276,-0.151871,3.46994,12.4276,0.202152,2.61066,12.4276,-4.50218,3.46994,12.4276,0.202152,-4.08834,13.6052,0.202152,2.61066,12.4276,0.202152,2.61066,13.6052,0.202152,-2.76149,13.3055,0.202152,-2.62971,13.0684,0.202152,-2.62971,12.6648,0.202152,-2.76149,12.4276,0.202152,-4.08834,13.3055,0.202152,-4.08834,12.6503,0.202152,-4.08834,13.3055,-4.50218,-4.08834,12.6503,-3.00947,-4.08834,15.9957,-3.85859,-4.08834,14.4589,-3.77711,-4.08834,15.1336,-4.50218,-4.08834,14.0545,-2.32702,-4.08834,16.2784,-1.64453,-4.08834,15.9957,-0.794994,-4.08834,14.4589,0.202152,-4.08834,13.6052,-0.151871,-4.08834,14.0545,-0.876888,-4.08834,15.1336,4.77222,-3.05958,12.4276,4.57477,-3.19944,12.6847,2.2593,-3.05958,12.4276,5.1234,-3.37749,12.6575,5.25233,-3.37749,13.2115,4.57477,-3.19944,13.793,5.1234,-3.37749,13.7658,4.77222,-2.99507,14.0221,2.2593,-2.99507,14.0221,2.2593,-3.19944,13.793,0.901676,-4.08834,13.3055,2.2593,-3.19944,12.6847,0.901676,-4.08834,12.6503,0.901676,-3.86573,12.4276,0.202152,-3.86573,12.4276,0.202152,-4.08834,12.6503,0.202152,-4.08834,13.3055,5.25233,-2.62971,13.2115,5.1234,-2.62971,12.6575,5.1234,-2.62971,13.7658,2.2593,-2.62971,13.7658,4.77222,-2.76149,14.0221,2.2593,-2.76149,14.0221,0.901676,-2.76149,13.3055,0.901676,-2.62971,13.0684,0.202152,-2.62971,13.0684,0.202152,-2.62971,12.6648,0.901676,-2.62971,12.6648,0.901676,-2.76149,12.4276,2.2593,-2.62971,12.6575,2.2593,-2.76149,12.4276,4.77222,-2.76149,12.4276,0.202152,-2.76149,13.3055,0.202152,-2.76149,12.4276,-3.03828,11.9929,0.861722,-3.03828,12.0679,1.74615,-3.03828,12.1981,0.890526,-3.03828,11.057,6.01289,-3.03828,12.6888,6.09158,-3.03828,11.3631,6.04373,-3.03828,12.707,5.29311,-3.56014,2.7307,5.44759,-4.08084,3.24891,5.22336,-3.56014,1.6573,5.41315,-3.92956,-4.14553,13.2155,-3.92956,-4.14553,10.5461,-3.92956,-1.22667,10.5461,-3.92956,0.819962,9.52297,-3.92956,3.21081,8.04327,-3.92956,0.819962,8.04327,-3.92956,3.21081,13.2155,-3.56014,1.6573,5.41315,-4.08084,3.24891,5.22336,-3.56014,2.69301,5.12481,-4.21059,-3.55224,16.838,-0.891514,-3.55224,17.3453,-0.443409,-3.55224,16.838,-3.76253,-3.55224,17.3453,-3.76253,-3.55224,17.6149,-0.891514,-3.55224,17.6149,-4.21059,-3.55224,17.153,-0.443409,-3.55224,17.153,-3.56014,2.4797,3.62077,-4.08084,2.98983,3.37912,-3.56014,1.41686,3.62443,-3.49812,-4.05547,11.0372,-3.34119,-4.05547,11.6227,-3.34119,-4.05547,10.4516,-2.32702,-4.05547,12.2083,-1.31285,-4.05547,10.4516,-1.31285,-4.05547,11.6227,-1.15588,-4.05547,11.0372,-1.74145,-4.05547,12.0513,-2.91254,-4.05547,12.0513,-1.74145,-4.05547,10.0229,-2.32702,-4.05547,9.86602,-2.91254,-4.05547,10.0229,-1.10965,-5.94274,17.3095,-1.10965,-8.49986,18.2487,-1.10965,-5.94274,17.7268,-1.10965,-9.61136,17.3095,-1.10965,-9.02823,18.6846,-1.10965,-9.61136,18.6846,-1.10965,-8.80684,18.5869,-3.56014,1.41686,3.62443,-4.08084,2.98983,3.37912,-3.56014,2.43063,3.29961,-3.54394,-9.02823,18.6846,-3.54394,-8.49986,18.2487,-3.54394,-8.80684,18.5869,-3.54394,-9.61136,17.3095,-3.54394,-5.94274,17.3095,-3.54394,-5.94274,17.7268,-3.54394,-9.61136,18.6846,-1.14211,12.0128,2.37262,-1.14211,14.0488,2.37262,-1.14211,14.0488,5.99953,-1.14211,11.0027,5.99953,-1.14211,11.1986,2.90993,-1.14211,11.0027,3.38277,-1.14211,11.54,2.5685,-3.56014,2.20884,1.80371,-4.08084,2.71043,1.54458,-3.56014,1.11516,1.84506,-1.21795,29.165,16.0622,-1.58209,6.54533,16.2897,-2.32702,28.4846,16.7556,-1.21795,7.09275,16.0622,-0.963707,7.8997,15.7269,-0.109299,30.5267,14.6003,-0.650623,8.38103,15.3141,-0.492077,8.55868,15.1048,-0.287704,8.72774,14.8351,-0.109299,8.81456,14.6003,-4.54475,30.5267,14.6003,-3.43568,29.165,16.0622,-4.54475,-4.12847,14.6003,-3.43568,-4.12847,16.0622,-2.32702,-4.12847,16.7556,-1.5829,-4.12847,16.2901,-4.21059,-4.1593,16.838,-4.21059,-13.7297,17.3781,-4.21059,-10.737,17.3781,-4.21059,-7.15477,14.2488,-4.21059,-7.15477,12.3766,-4.21059,-13.7297,12.3766,-4.21059,-4.1593,14.2492,-4.21059,-11.583,17.7049,-4.21059,-12.9909,18.4547,-4.21059,-13.4945,18.1404,-4.21059,-12.2857,18.4547,-4.21059,-3.55224,16.838,-4.21059,-3.55224,17.153,-4.21059,-6.51612,17.153,-4.21059,-7.05506,17.3781,-0.314888,-12.5339,16.4896,-0.428017,-10.057,14.9187,-0.314888,-11.2954,15.7042,-0.428017,-13.7723,17.2751,-0.149433,-12.5339,16.4896,-0.149433,-13.7723,17.2751,-0.428017,-13.9451,17.7763,-0.149433,-13.9451,17.7763,-0.428017,-13.7901,18.2836,-0.149433,-13.7901,18.2836,-0.428017,-13.3668,18.6027,-0.149433,-13.3668,18.6027,-0.428017,-12.8364,18.6121,-0.149433,-12.8364,18.6121,-0.314888,-11.6746,17.7167,-0.149433,-11.6746,17.7167,-0.314888,-10.5128,16.8213,-0.428017,-10.5128,16.8213,-0.149433,-11.2954,15.7042,-0.149433,-10.999,15.516,-0.294212,-10.999,15.516,-0.294212,-10.057,14.9187,-3.36552,-47.0731,7.77768,-1.28852,-47.0731,7.52018,-3.36552,-47.0731,7.52018,-3.08938,-47.0731,7.77768,-2.32702,-47.0731,7.80684,-2.79134,-47.0731,7.99907,-2.98351,-47.0731,8.46338,-3.08938,-47.0731,9.30036,-2.79134,-47.0731,8.9277,-2.32702,-47.0731,9.12033,-1.56467,-47.0731,9.30036,-1.86271,-47.0731,8.9277,-1.67048,-47.0731,8.46338,-1.56467,-47.0731,7.77768,-1.86271,-47.0731,7.99907,-1.28852,-47.0731,7.77768,0.528595,7.91515,8.72251,0.528595,10.4127,9.55381,0.528595,9.59109,9.28939,0.528595,8.33079,8.22249,0.528595,10.9666,7.8324,0.528595,8.30158,7.51408,0.528595,10.7869,8.73222,-3.56014,1.11516,1.84506,-4.08084,2.71043,1.54458,-3.56014,2.14879,1.48417,-0.891514,-10.1904,17.975,-0.891514,-7.05506,17.5703,-0.891514,-9.99739,18.6846,-0.891514,-10.3624,17.6765,-0.891514,-10.7071,17.6765,-0.891514,-10.737,17.5703,-0.891514,-11.3944,17.8911,-0.891514,-10.8794,17.975,-0.891514,-10.7071,18.5679,-0.891514,-10.5586,18.9815,-0.891514,-10.5347,18.6534,-0.891514,-10.3624,18.5679,-0.891514,-10.19,18.8716,-0.891514,-10.9268,18.8716,-0.891514,-11.2837,18.4547,-0.891514,-11.7906,18.4547,-0.891514,-3.83611,17.6619,-0.891514,-4.18648,17.486,-0.891514,-3.55224,17.6149,-0.891514,-3.55224,17.3453,-0.891514,-4.48208,17.4665,-0.891514,-5.94274,17.7268,-0.891514,-8.49986,18.2487,-0.891514,-8.80684,18.5869,-0.891514,-9.02823,18.6846,-0.891514,-6.51612,17.3453,-1.54521,-44.5796,12.2991,-2.32702,-42.5946,13.456,-1.54521,-42.2342,13.6657,-3.10843,-44.5796,12.2991,-3.10843,-42.2342,13.6657,-3.56014,1.80817,-0.0020299,-4.08084,2.30048,-0.278585,-3.56014,0.752247,0.0774722,-4.224,-2.34386,19.2669,-4.224,-2.34386,18.0885,-4.4085,-2.52877,19.2669,-2.50991,-2.34386,18.5115,-2.14415,-2.34386,18.5115,-0.43005,-2.34386,18.0885,-0.43005,-2.34386,19.2669,-0.245541,-2.52877,18.0885,-0.245541,-2.52877,19.2669,-4.4085,-2.52877,18.0885,-2.50991,-2.34386,19.2669,-2.14415,-2.34386,19.2669,-3.56014,0.752247,0.0774722,-4.08084,2.30048,-0.278585,-3.56014,1.73761,-0.319124,-1.11331,0.0827007,16.2901,-1.66967,0.0827007,16.7966,-1.11331,-0.239676,16.2901,-1.63766,0.196291,16.6591,-2.32702,0.196291,16.853,-3.9539,0.196291,15.7273,-4.09705,0.0827007,15.3133,-3.98635,0.0827007,15.8647,-3.54069,0.196291,16.2901,-3.57274,0.0827007,16.4276,-3.01638,0.196291,16.6591,-3.04879,0.0827007,16.7966,-2.35943,0.0827007,16.9904,-1.66967,-0.239676,16.7966,-1.63766,-0.353214,16.6591,-2.32702,-0.353214,16.853,-2.35943,-0.239676,16.9904,-3.04879,-0.239676,16.7966,-3.57274,-0.239676,16.4276,-3.98635,-0.239676,15.8647,-4.09705,-0.239676,15.3133,-3.9539,-0.353214,15.7273,-3.54069,-0.353214,16.2901,-3.01638,-0.353214,16.6591,-3.56014,1.41158,-1.79436,-4.08084,1.89413,-2.08757,-3.56014,0.328878,-1.67675,-0.891514,-11.2837,18.4547,-1.37041,-11.2837,18.4547,-0.891514,-11.7906,18.4547,-3.28358,-11.2837,18.4547,-4.21059,-12.2857,18.4547,-3.76253,-11.7906,18.4547,-3.76253,-11.2837,18.4547,-4.21059,-13.7297,12.3766,-3.76253,-13.7297,12.3766,-4.21059,-13.7297,17.3781,-3.76253,-13.7297,17.3781,-4.21059,-13.4945,18.1404,-3.76253,-13.4945,18.1404,-4.21059,-12.9909,18.4547,-3.76253,-12.9909,18.4547,-0.891514,-12.9909,18.4547,-0.443409,-12.9909,18.4547,-0.443409,-12.2857,18.4547,-0.443409,-13.4945,18.1404,-0.891514,-13.4945,18.1404,-0.443409,-13.7297,17.3781,-0.891514,-13.7297,17.3781,-0.443409,-13.7297,12.3766,-0.891514,-13.7297,12.3766,-0.443409,-12.9909,18.4547,-0.443409,-13.4945,18.1404,-0.443409,-12.2857,18.4547,-0.443409,-13.7297,12.3766,-0.443409,-11.583,17.7049,-0.443409,-10.737,17.3781,-0.443409,-4.1593,16.838,-0.443409,-7.15477,14.2488,-0.443409,-4.1593,14.2492,-0.443409,-7.15477,12.3766,-0.443409,-13.7297,17.3781,-0.443409,-3.55224,17.153,-0.443409,-3.55224,16.838,-0.443409,-6.51612,17.153,-0.443409,-7.05506,17.3781,-3.56014,0.328878,-1.67675,-4.08084,1.89413,-2.08757,-3.56014,1.32969,-2.10865,-1.14211,14.0488,2.37262,-1.37732,13.8319,2.37262,-1.37732,14.2516,2.37262,-1.14211,12.0128,2.37262,-1.37732,12.0128,2.37262,-1.37732,11.54,2.5685,-1.14211,11.54,2.5685,-1.37732,11.1986,2.90993,-1.14211,11.1986,2.90993,-1.37732,11.0027,3.38277,-1.14211,11.0027,3.38277,-1.14211,11.0027,5.99953,-1.37732,11.0027,6.30931,-0.318542,11.0027,6.30931,-0.318542,11.0027,5.99953,-3.27673,11.54,2.5685,-3.27673,12.0128,2.37262,-3.27673,11.1986,2.90993,-3.27673,13.8319,5.99953,-3.27673,11.0027,6.30931,-3.27673,13.8319,6.30931,-3.27673,13.8319,2.37262,-3.27673,11.0027,3.38277,-3.27673,22.438,3.1212,-3.27673,22.0727,2.34549,-3.27673,22.1813,3.1212,-3.27673,21.8804,2.40995,-3.27673,21.6363,1.8159,-3.27673,21.5082,1.94402,-3.27673,20.9928,1.60096,-3.27673,21.0564,1.40833,-3.27673,20.406,1.50322,-3.27673,20.4052,1.24694,-3.27673,14.6754,1.50322,-3.27673,14.5716,1.24694,-3.27673,14.2873,1.84384,-3.27673,14.0253,1.71531,-3.27673,14.2516,2.37262,-2.32702,-18.2102,14.4434,-1.64453,-18.2102,14.7261,-3.00947,-18.2102,14.7261,-1.64453,-18.2102,16.091,-3.00947,-18.2102,16.091,-2.32702,-18.2102,16.3737,-1.36187,-18.2102,15.4085,-3.29212,-18.2102,15.4085,-3.56705,0.0660896,10.9861,-2.95918,0.0660896,11.6689,-3.22075,0.0660896,11.0372,-3.56624,0.0660896,11.6182,-2.32702,0.0660896,11.9309,-1.69482,0.0660896,11.6689,-1.08694,0.0660896,10.9861,-1.43325,0.0660896,11.0372,-1.08735,0.0660896,11.6182,-1.69482,0.0660896,10.405,-1.83878,0.0669022,11.0372,-1.98153,0.0669022,10.6917,-2.32702,0.0669022,10.5489,-2.95918,0.0660896,10.405,-2.67251,0.0669022,10.6917,-2.81526,0.0669022,11.0372,-2.67251,0.0669022,11.3827,-2.32702,0.0669022,11.5254,-1.98153,0.0669022,11.3827,-1.90935,0.0660896,9.55177,-2.74429,0.0660896,9.55177,-4.82415,13.1758,6.33283,-4.32128,13.6786,6.33283,-4.82415,11.5262,6.33283,0.170101,12.5501,6.33283,-0.332718,11.0233,6.33283,0.170101,11.5262,6.33283,0.170101,13.6786,6.33283,-4.32128,11.0233,6.33283,-0.428017,-13.7901,18.2836,-0.428017,-13.3668,18.6027,-0.428017,-13.9451,17.7763,-0.428017,-10.5128,16.8213,-0.428017,-10.057,14.9187,-0.428017,-9.35101,15.9264,-0.428017,-12.8364,18.6121,-0.428017,-13.7723,17.2751,-1.86353,28.7607,14.945,-2.32702,28.7607,14.7532,-1.6717,28.7607,15.4085,-2.98229,28.7607,15.4085,-2.32702,28.7607,16.0638,-2.79052,28.7607,15.872,-2.79052,28.7607,14.945,-1.86353,28.7607,15.872,-2.32702,2.37104,16.0638,-2.79052,2.37104,15.872,-1.86353,2.37104,15.872,-2.79052,2.37104,14.945,-1.86353,2.37104,14.945,-2.32702,2.37104,14.7532,-2.98229,2.37104,15.4085,-1.6717,2.37104,15.4085,-4.55567,-5.04779,13.1279,-4.55567,-5.38231,12.9893,-4.55567,-4.90952,13.4625,-4.55567,-5.85557,13.4625,-4.55567,-5.38231,13.9357,-4.55567,-5.71688,13.797,-4.55567,-5.71688,13.1279,-4.55567,-5.04779,13.797,-0.0983276,-5.38231,13.9357,-0.0983276,-5.71688,13.797,-0.0983276,-5.04779,13.797,-0.0983276,-5.71688,13.1279,-0.0983276,-5.04779,13.1279,-0.0983276,-5.38231,12.9893,-0.0983276,-5.85557,13.4625,-0.0983276,-4.90952,13.4625,0.282421,-5.60172,17.7933,-1.16482,-5.70672,18.0468,-3.48877,-5.70672,18.0468,0.282421,-5.81137,18.2998,-1.16482,-5.81137,18.2998,0.282421,-5.60172,18.8063,-1.16482,-5.70672,18.5532,-1.59342,-5.70672,18.5532,-1.59342,-5.60172,18.8063,-1.59342,-5.09484,19.0163,0.282421,-5.09484,19.0163,-1.59342,-4.58831,18.8063,0.282421,-4.58831,18.8063,0.282421,-4.37825,18.2998,-1.16482,-4.4833,18.5532,-1.16482,-4.37825,18.2998,0.282421,-4.58831,17.7933,-1.16482,-4.4833,18.0468,-4.93606,-4.58831,17.7933,-3.48877,-4.4833,18.0468,-1.59342,-4.4833,18.5532,-4.93606,-4.37825,18.2998,-3.48877,-4.37825,18.2998,-4.93606,-4.58831,18.8063,-3.48877,-4.4833,18.5532,-3.06058,-4.4833,18.5532,-3.06058,-4.58831,18.8063,-3.06058,-5.09484,19.0163,-4.93606,-5.09484,19.0163,-3.06058,-5.60172,18.8063,-4.93606,-5.60172,18.8063,-4.93606,-5.81137,18.2998,-3.48877,-5.70672,18.5532,-3.48877,-5.81137,18.2998,-4.93606,-5.60172,17.7933,0.282421,-5.09484,17.5833,-4.93606,-5.09484,17.5833,-3.06058,-5.70672,18.5532,-5.14287,-4.56281,18.2998,-5.14287,-4.71851,17.9235,-5.14287,-4.71851,18.6761,-5.14287,-5.47111,17.9235,-5.14287,-5.47111,18.6761,-5.14287,-5.62727,18.2998,-5.14287,-5.09484,17.7678,-5.14287,-5.09484,18.8322,-4.25722,-12.4812,17.2414,-4.25722,-12.9329,17.0545,-4.25722,-12.2942,17.6932,-4.25722,-13.572,17.6932,-4.25722,-12.9329,18.3322,-4.25722,-13.385,18.1449,-4.25722,-13.385,17.2414,-4.25722,-12.4812,18.1449,-3.36552,-48.3447,7.77768,-3.36552,-48.2199,7.52018,-3.08938,-48.3447,7.77768,-1.56467,-48.3447,7.77768,-2.32702,-48.3581,7.80684,-1.86271,-48.4453,7.99907,-1.67048,-48.6554,8.46338,-1.56467,-49.0345,9.30036,-1.86271,-48.8658,8.9277,-2.32702,-48.953,9.12033,-3.08938,-49.0345,9.30036,-2.79134,-48.8658,8.9277,-2.98351,-48.6554,8.46338,-2.79134,-48.4453,7.99907,-1.28852,-48.3447,7.77768,-1.28852,-48.2199,7.52018,-0.973,-39.237,15.801,-1.30269,-39.3863,15.0192,-0.973,-34.3567,15.801,-0.763756,-40.3728,15.0192,-0.973,-39.237,14.2378,-1.30269,-34.2075,15.0192,-0.973,-34.3571,14.2378,-0.763756,-33.2209,15.0192,-3.56014,0.897379,-3.57088,-4.08084,1.36982,-3.88031,-3.56014,-0.154888,-3.41559,-1.54521,-34.3567,16.3732,-2.32702,-34.2075,16.0436,-1.54521,-39.2366,16.3732,-2.32702,-33.2209,16.5825,-3.10843,-34.3567,16.3732,-2.32702,-39.3858,16.0436,-3.10843,-39.2366,16.3732,-2.32702,-40.3724,16.5825,-3.56014,-0.154888,-3.41559,-4.08084,1.36982,-3.88031,-3.56014,0.804926,-3.88234,-3.68059,-34.3567,15.801,-3.35089,-34.2075,15.0192,-3.68059,-39.237,15.801,-3.89024,-33.2209,15.0192,-3.68059,-34.3571,14.2378,-3.35089,-39.3863,15.0192,-3.68059,-39.237,14.2378,-3.89024,-40.3728,15.0192,-3.56014,0.354837,-5.32917,-4.08084,0.815899,-5.6548,-3.56014,-0.697891,-5.13659,-3.10843,-34.3571,13.6657,-2.32702,-34.2079,13.9954,-3.10843,-39.237,13.6657,-2.32702,-33.2213,13.456,-1.54521,-34.3571,13.6657,-2.32702,-39.3863,13.9954,-1.54521,-39.237,13.6657,-2.32702,-40.3733,13.456,-3.56014,-0.697891,-5.13659,-4.08084,0.815899,-5.6548,-3.56014,0.251408,-5.63738,-3.34689,-63.5331,11.9451,-1.30716,-63.5331,11.9451,-3.34689,-63.5331,17.6117,-0.958828,-63.5331,11.0372,-3.51188,-63.5331,10.353,-1.3923,-63.5331,10.1024,-3.26169,-63.5331,10.1024,-1.6429,-63.5331,9.85225,-2.32702,-63.5331,9.66897,-3.0111,-63.5331,9.85225,-3.69517,-63.5331,11.0372,-1.14211,-63.5331,10.353,-3.09507,-63.5331,19.6635,-3.34689,-63.5331,19.6635,-3.42958,-63.5331,18.9798,-3.66479,-63.5331,18.9798,-3.42958,-63.5331,18.2957,-3.66479,-63.5331,18.2957,-2.87282,-63.5331,17.6117,-1.78117,-63.5331,17.6117,-1.30716,-63.5331,17.6117,-1.224,-63.5331,18.2957,-0.989258,-63.5331,18.2957,-1.224,-63.5331,18.9798,-0.989258,-63.5331,18.9798,-1.30716,-63.5331,19.6635,-1.55857,-63.5331,19.6635,-1.6429,-60.1884,9.85225,-2.32702,-60.1884,9.66897,-1.3923,-60.1884,10.1024,-3.0111,-60.1884,9.85225,-3.26169,-60.1884,10.1024,-1.14211,-60.1884,10.353,-3.69517,-60.1884,11.0372,-1.30716,-60.1884,11.9451,-3.34689,-60.1884,11.9451,-0.958828,-60.1884,11.0372,-3.51188,-60.1884,10.353,-3.45717,-61.7468,15.8664,-3.45717,-62.3567,15.6137,-3.45717,-61.4942,16.4762,-3.45717,-63.2192,16.4762,-3.45717,-62.3567,17.3387,-3.45717,-62.967,17.0861,-3.45717,-62.967,15.8664,-3.45717,-61.7468,17.0861,-1.19688,-62.3567,17.3387,-1.19688,-62.967,17.0861,-1.19688,-61.7468,17.0861,-1.19688,-62.967,15.8664,-1.19688,-61.7468,15.8664,-1.19688,-62.3567,15.6137,-1.19688,-63.2192,16.4762,-1.19688,-61.4942,16.4762,1.2751,23.7283,10.9978,1.03101,23.348,11.2087,1.2751,23.6558,10.7058,1.03101,23.2206,10.6981,1.2751,23.7385,10.4163,1.03101,23.3658,10.1921,1.2751,23.955,10.2071,1.03101,23.7442,9.8267,1.2751,24.2474,10.1345,1.03101,24.2547,9.69935,1.2751,24.5365,10.2172,1.03101,24.7608,9.84453,1.2751,24.7457,10.4338,1.03101,25.1261,10.2229,1.2751,24.8183,10.7261,1.03101,25.2534,10.7334,1.2751,24.7356,11.0153,1.03101,25.1083,11.2395,1.2751,24.5191,11.2245,1.03101,24.7299,11.6049,1.2751,24.2271,11.2971,1.03101,24.2194,11.7322,1.2751,23.9376,11.2144,1.03101,23.7133,11.587,-3.56014,-0.247347,-7.0676,-4.08084,0.202335,-7.40903,-3.56014,-1.30008,-6.83768,0.385036,25.4339,9.65353,0.385036,24.7385,9.20466,0.385036,25.8114,10.39,0.385036,15.3043,8.19496,0.385036,12.8782,7.92201,0.385036,14.0821,8.04896,0.385036,23.9218,9.0169,0.385036,12.5623,7.82107,0.385036,8.34171,7.3689,0.385036,23.7588,12.2484,0.385036,20.8809,11.3222,0.385036,7.96016,8.57326,0.385036,8.28858,8.20791,0.385036,8.19333,7.8166,0.385036,7.8547,8.82914,0.385036,9.56229,9.379,0.385036,12.3928,10.2902,0.385036,13.3623,10.602,0.385036,18.8927,12.3822,0.385036,24.5852,12.2897,0.385036,25.3216,11.9118,0.385036,25.7705,11.2168,-3.56014,-1.30008,-6.83768,-4.08084,0.202335,-7.40903,-3.56014,-0.36129,-7.37214,0.574417,23.8755,9.29061,0.385036,23.9218,9.0169,0.490448,24.629,9.46379,0.574417,15.3878,8.48284,0.385036,15.3043,8.19496,0.385036,14.0821,8.04896,0.786106,14.132,8.12841,0.786106,15.2463,8.26145,-3.56014,-0.935076,-8.78454,-4.08084,-0.497538,-9.14095,-3.56014,-1.96063,-8.51728,1.03061,24.9761,11.5302,0.830299,25.0775,11.6421,1.03061,24.4769,11.7861,0.830299,25.4242,11.1049,1.03061,25.2802,11.0587,0.830299,25.4558,10.4666,1.0302,25.3082,10.4986,0.830299,25.1638,9.89767,1.0302,25.0519,9.99942,0.830299,24.5994,9.53354,1.0302,24.5418,9.67019,0.830299,23.8634,9.36402,1.0302,23.8399,9.50839,0.490448,25.4976,11.1288,0.490448,25.5312,10.4504,0.490448,25.221,9.84616,0.490448,24.629,9.46379,0.574417,23.8755,9.29061,0.574417,15.3878,8.48284,0.83477,15.3299,8.55137,1.03466,15.3148,8.69656,0.833141,14.0294,8.40903,1.03304,14.0136,8.553